vulva:4.7619;32.4275;33.2665;469.2355;546.1154,1275,1433;1218.2552;1225.1225;1486.3814;1547.3706;1587.462;1590.1440;1850.8200;2216.5058;2217.4750;2218.5810;2219.5427,5583;2225.1640;2273.1691;2274.1196;2543.1295;3161.1573;3366.4123;3388.1658;3464.770;3509.726;3634.3956;3637.3720;3638.3027,3110,6769,8575;4461.98;4474.1595;4475.2675;4602.6101;4651.5881;4652.4691;4655.2081
vulpinus:87.407
vue:122.774;124.757;151.7121;1892.8404;2439.740;2545.175;2711.1368,1395;2724.1695,1728;2727.1772,1838;2732.896,918;2733.1291,1321,5145;2734.1068,1094;2738.1640,1664,3812;2754.2411,2444;2759.1553,1585;2760.1608,3671;2761.2138,2165,4443,5274,5973,6816,7488,7986;2767.1376,1416;2768.1292,2074;2775.1775,1813;2777.1152,1178;2791.1197,1232;2800.1245,1278;2802.2553,2601;2814.447;2850.114;2859.2207;2882.1277;2883.2361;2897.691,1654,1679;2900.470;2917.1991,2029;2925.9353;3000.2868,2906;3001.1886;3360.563;3520.876
vshape:226.5279;598.-1;602.-1;604.-1;1086.-1;1113.1756;1899.2266;1953.15080;2123.-1;2136.-1;2137.-1;2358.3156;3555.-1
vzquez:255.-1;3889.-1
vulcanolepa:431.3508
vulgar:445.411;1244.8;3451.913;3582.4090
vyuchnyi:481.342
vulgari:539.34862;540.715;542.63;671.4352;1120.2770;1192.3231;1287.231;1340.98;2972.178;2976.199;4875.27
vulner:766.12729;1127.350;1352.233;1606.474;1634.5737;2051.2866;2057.3441;2058.3235;2446.1038;3338.618;3370.18955;3502.645;3920.334;3959.17750;4612.4509;4860.5947
vulpian:856.23
vwlps:1025.58;2264.104;2319.104;2977.104;3287.74;3466.105;4989.82
vune:1074.10151
vuelva:1353.673
vulcano:1565.2019;1567.404;1568.848;1569.561;1931.1401;3210.305
vulcani:2031.1235
vulval:2216.5058;2217.4750;2218.4462;2219.5427,13674;3411.2500;3464.770,826,3817,3917,3933,3976,4058,4072,4158,4218,4238;3482.2209;4654.4348
vujadraga:2247.-1
vulp:2338.269;2339.360;2340.1825;2341.804;2355.15;4822.7;4853.0
v':2378.2926;2379.893
v:2390.4199
vsicul:2522.-1
vuattoux:2717.262;2722.286;2745.733;2750.611;2770.189;2785.672;2849.787;2851.729;2894.638;2925.30592
vus:2801.4976;2802.3616;2805.3909;2860.1125
vuattouxi:2864.12,47;2885.1020
vsica:2997.-1
vtorovi:3089.7206,7720
vulkan:3172.1232
vulkangebiet:3180.59
vultur:3199.1484
vuach:3199.1632
vure:3360.90
vss:3411.2615,2740;3482.2321,2422
vysok:3617.71;3952.1227
vyn:3617.-1
vznice:3952.-1;3956.-1
vulpera:3957.1460
vslau:4406.-1
vta:4650.206;4651.5607;4652.311;4653.7558;4654.182
vulpecula:4857.20503
vtas:4904.291
vyborg:4961.11046