ueber:11.709;179.226;764.502;1251.236;1483.150;1604.106,288,1239,1456,2468,2529;1917.3513;2009.1043,1447;3071.773;3215.326;3221.658,1079;3245.340;3510.945;3646.690;4875.203,1534
ueberragend:11.998;502.469;1310.190,486;1366.191;3128.320
uasm:13.526
ufmt:15.65;713.3412;4549.86;4657.286
udzungwa:87.598;89.202;90.844;91.268;92.1374;93.42;94.184;95.1870;96.2887;97.147;98.1143;99.2863;100.2268;102.303;2163.1388;2165.848;2952.106
udzungwan:89.202
udekwa:101.846
ufrj:152.6562;1454.484;1455.49;3948.229;3964.2157
ucfc:173.4177
ueckermann:221.959
ucm:226.466
uintan:226.12758
uganda:249.1048;272.68;283.134;289.159;458.1815;1074.13586;1192.15522;1276.908;1319.1359;1880.3879;1892.10834;1899.5076;1900.7856;1910.10170;1913.7598;2518.19444;3095.877;3097.649;3396.935
uctubamba:250.4765
uhm:320.2083;2267.1599;3500.2127
uat:422.5952
uintacrinus:431.279
ueberdeckend:444.611
uberlndia:467.-1;714.-1;715.-1;4542.-1
uac:484.13417
ufmg:491.4321;1466.764
uapouensi:533.33231
ude:614.36
ucr:632.311;1097.1262;1099.1276;1103.824;1114.1108;1362.5951;2566.250;2567.245;2568.182;2569.246;2570.248;2571.280;2572.885;2578.1158;2580.715;2583.1501;2584.810;2585.1619;2586.950;2589.1143;2590.1243;2592.1247;2594.1620;2595.970;2597.815;2599.615;2605.928;3260.185
udin:670.683
uebersax:685.573;686.471
uebrigen:687.486;1511.335;1561.1100;1604.2969;1917.3284,3811;2965.488;3033.478;3216.1996;3330.871
ubatuba:691.398
ufrg:691.421;2314.724
ufac:713.2562
ugentiana:725.4355
uebergehend:728.672
uchida:833.140;905.120;911.110;940.161;1260.269;1609.88;1629.26;1681.273;3178.85;3189.10;3278.3221
ubelak:857.307
ubelaker’:857.417
ubon:1008.2666;4484.6162
uec:1029.9462;1131.3636;3759.217;4620.3291
uboro:1074.11430
ufipa:1074.13687
uhlmann:1131.12785
uhler:1186.105;1187.2439;1189.2812;1192.12214;2077.20;2082.7657;2091.19
uichancoi:1192.7749,7801,7823
uemori:1194.2033
ufpr:1207.155
ubiqu:1229.6240
ucdc:1362.5361;2016.948
uadba:1368.818
uhmann:1390.76;1723.130;3390.440;4847.360
ucrc:1419.900;2429.7285;2432.831
ufig:1444.-1
ubc:1456.91
ucbm:1464.9210
ueberschwemmt:1483.920;3216.987
ueberein:1561.2277;2965.562,1022
ucayali:1568.6484;2297.18306;4882.3883
uapaca:1577.10688;2518.18762
uchidai:1609.415,6196
uehara:1609.627
uftc:1653.958
udg:1720.1329
ufscar:1828.186
ueberzeugung:1917.3513
udivichenko:1939.4423
ucb:1952.7991;1953.36840
ucd:1953.35745
ucob:1953.36138
uenf:1953.36883
ucn:2030.4487;2036.2697;2051.2842;2057.3396
ufe:2073.7496;2074.5780;2075.6866;2079.6415;2080.6706;2081.5085;2082.6603
udzungwensi:2163.6874;2165.2744
uccianensi:2193.289
ucciani:2193.935
ubdm:2263.8987
ucv:2265.1158
uacari:2297.11379;2299.10869
ufro:2297.13070;2299.12146
uhe:2298.2204
uacar:2299.10869
uew:2327.4071;3127.16094;3959.3899
uaup:2346.1801;2348.2437
uiuc:2387.8292
uintana:2420.89
ugca:2434.586
uigur:2452.1798;2515.325
uih:2518.12423
uel:2518.16174;2706.1105
ubangi:2518.17121
uber:2614.2475
ugamskij:2655.603
uelensi:2743.1256;2800.4680
udalaus:2870.45
ubena:2952.367
uebrig:2965.488
uduk:2967.178
ubong:2968.76
udim:2968.1004;2970.1184;2971.1698;2972.438;2973.924;2974.973;2975.902;2976.1092
ubium:2968.1092;2970.1272;2971.1786;2972.499;2975.990
ubajaraensi:2979.13
ubajara:2979.313;4541.1069
ueberragt:3128.739,1451
ueberdacht:3128.1637
ueberwiegend:3193.1241
ueberal:3216.369;3245.1205
ufern:3216.1321
uebelack:3296.116
ubick:3297.190
ufu:3340.341
ubiquit:3370.15982
ualvp:3543.2451
uiwang:3582.1602
uiryeong:3591.3745
uidong:3591.3760
uebereinstimmend:3643.534
uaz:3647.2282
uimnh:3647.2376
uanl:3765.1628;3865.591;3873.2954
uckermark:3785.2206
udothea:3800.1171
ugnaensi:3893.1600
uenoi:3923.1340;3924.870;3929.13,2382;3932.1126
ubun:3951.-1
uigurica:4013.14,385
ua:4494.5138
uasb:4494.5387
ufpa:4548.85
udodesmus:4601.4279
ufg:4621.2562
uberavensi:4634.11
ubcz:4655.133
ufp:4657.198
uito:4665.11681;4666.8523
uebergangsform:4683.1764
uerj:4704.599
uenohara:4843.19561
uematsu:4843.20800
ueberwinternd:4875.203