xwider:12.2595;554.1012
xyleborus:14.57;539.23967;1261.55;1269.54;1344.58;2554.55
xuan:59.280;64.1283;66.1239;350.677;994.555;998.1245;999.569;1006.613;1011.681;1013.1840;1016.842;1525.1345;2447.484;3428.496
xue:191.784;192.646;1058.6571;1443.754
xuanwua:295.0;297.2226
xylopia:319.7989;1074.3;1116.4470;2518.4
xuyen:350.474;2373.3139
xuezhong:395.3893
xxx:456.589;2261.215
xyloterini:516.0;517.1964;534.148;545.39
xyloteri:516.0
xyloteroidea:516.56
xyloterida:516.93
xyloterina:516.180
xyloterus:516.397;517.844;522.671;523.57
xyloterinus:516.1377;517.2079;522.0;545.6715
xylocryptus:521.1086
xyloter:523.183
xylotrophus:523.238
xyloctonus:531.243;544.42
xyloctonini:531.832;543.1846;544.0
xyleborini:531.1119
xyloctonoid:534.2211
xyloteini:545.179
xxi:674.9185;2299.116
xxii:674.9204;675.8388
xxiii:674.9226;675.8403;2248.1359
xxiv:691.138;2248.376;2982.147;4490.208
xysticus:708.0
xuemei:1058.7705
xylopicrum:1074.65;2518.514
xxxviii:1090.578
xxxix:1090.586
xylopiella:1094.3216,3378;1108.803;1116.14,3809,4239
xyleborinus:1261.95;1301.0
xyri:1306.0
xtbg:1330.241
xylodon:1355.0
xyalaspi:1400.0
xvi:1605.206;2248.726;2941.1979;3179.101
xviii:1659.197;3543.1739;3545.1825
x’s:1996.59014
xuchil:2034.60
xuchitl:2034.251
xxv:2248.708
xxvi:2248.725
xxvii:2248.746
xxix:2261.197
xxxi:2261.3264
xxxiii:2326.78
xylophi:2375.30;2376.0
xvii:2398.185
xyelid:2619.249
xyelida:2619.280
xyela:2619.290
xxviii:2982.106
xxxii:2984.192
xuemin:3489.384
xylophrurus:3491.0
xuanyuan:3569.9983
xuthosoma:4577.11049
xylopodifer:4642.641
xylopodium:4657.12539
xumappa:4733.884
xyrichti:4752.106622
xxxvii:4847.134