wsuc:12.879
wuyishanus:58.3765
www:214.669;215.1059;509.823;549.226,483,2001;609.2530;1147.3118;1291.413;1648.1906;1939.5542,13737,14198,14665,15145,15492,15826,16162,16483,16796;2024.8278;2118.1333;2526.4205;2945.10060;2989.7906;3607.34;3608.35;3609.37;3610.31;3611.35;3700.100,789,1414,2039,2664,3289,3914,4539,5164,5789,6414,7039,7664,8289,8914,9539,10164,10789,11414,12039;4406.328;4460.578;4541.9107;4570.166,348;4752.31245;4857.21868;4860.6877;4928.1860
wyom:225.368;226.1192;227.635;228.1337;229.1625;230.796;233.609;1476.2212;1991.488;2002.168;2040.535;2055.5646;2057.747;2058.3;2059.845;3498.11115;3670.200;4556.324;4940.15802
wsw:253.71;599.2798;603.109;1247.100;1892.9489;1903.6393;1913.6680;2236.380;2307.87;2598.1305;3260.3804;3479.290;3498.4782;3962.181;4577.796
wurden:276.957;1251.333;1272.1021;2965.96;4570.1001
wursten:319.924
wulfen:444.1146
wynn:461.5355
wynndel:483.331
wuerm:553.249
wygodzinski:632.182;1091.628;1093.552;1117.579;2598.5892
wunderlich:714.195;715.755;1504.26;1590.2067;2543.19
wuyishan:772.3114;3569.5385;4691.290;4692.461;4929.194
wurd:782.1130;1561.2566;1604.1289;2965.96;3075.1863;3534.469;4481.1479;4567.120;4570.856
wukong:785.830
wuyangl:1002.1320
wyp:1058.1049
wuzhishan:1058.2900;1534.572;4697.868;4698.124;4929.1007
wule:1058.4212
wygodzinskyi:1117.14,82,241,607,935,1231,1467,2653
wurwul:1125.93
wuhan:1180.276
wyss:1229.2458
wwf:1232.4065
wuestneii:1241.421
wuyi:1358.377;1443.99;1590.101,356,1140,1356,2148;2696.855
wulff:1483.743;3365.926
wui:1531.11,670,1815;4692.31
wugen:1557.264,457,1573
wyk:1563.15531
wushan:1597.1538
wyndgat:1679.162
wush:1881.3807;1891.7986;2696.1584;3569.10634
wunderlichi:2014.7,43
wulingyuan:2014.277
wzacateca:2048.812
wwashington:2059.1357
wsouthdakotaandadjacentpartsofwyom:2059.2468
wsouthdakotaandadjacentpartsofmontana:2059.2690
wwk:2099.2738;3077.446
wulp:2341.1893;3709.6551
wudalianchi:2452.806
wufenghouh:2696.2296
wurst:2854.681;2898.1116
wytsman:2925.46256
wurmfrmig:2950.-1
wulstig:2956.2061
wuerd:2965.1775
wyli:2980.538;3125.1207;3205.488
wufeng:3032.655
wulingensi:3072.100
wsc:3072.256;3850.164
wyvill:3084.24
wuliangshanensi:3127.11410;3248.9
wushanensi:3127.11431
wugongensi:3127.13119
wuyiensi:3127.16577
wulstartig:3128.2503
wuelst:3216.433
wurzeln:3245.84;3275.77
wuliangshan:3248.112;4474.1133
wudu:3489.323
wsu:3498.5136
wuchtiger:3530.2284;3531.2617;3535.2571
wuchtigeren:3531.2954
wuxuan:3541.143
wulai:3569.1562
wume:3569.7152
wudo:3595.4605
wwi:3661.1581
wwidth:3864.-1;3871.-1;3872.-1;3879.-1;3885.-1;3888.-1;3891.-1
wuhe:3939.5901
wuk:4596.4205
wurdack:4620.7717
wyomi:4953.14733